1 20 3 4 3 5 3 6 4 3 4 7 5 3 5 7 6 4 6 5 6 6 11 4 11 5 11 6 12 3 12 7 13 3 13 7 14 4 14 5 14 6
2 28 2 5 3 4 3 5 3 6 4 3 4 5 4 7 5 3 5 5 5 7 6 4 6 5 6 6 7 5 10 5 11 4 11 5 11 6 12 3 12 5 12 7 13 3 13 5 13 7 14 4 14 5 14 6 15 5
3 20 2 4 2 5 2 6 4 3 4 7 5 3 5 7 7 4 7 5 7 6 10 4 10 5 10 6 12 3 12 7 13 3 13 7 15 4 15 5 15 6
4 20 1 5 2 5 3 4 3 5 3 6 6 4 6 5 6 6 7 5 8 5 9 5 10 5 11 4 11 5 11 6 14 4 14 5 14 6 15 5 16 5
5 22 3 4 3 5 3 6 4 5 5 5 6 4 6 5 6 6 8 4 8 5 8 6 9 4 9 5 9 6 11 4 11 5 11 6 12 5 13 5 14 4 14 5 14 6
6 18 2 5 3 4 3 5 3 6 6 4 6 5 6 6 8 4 8 6 9 4 9 6 11 4 11 5 11 6 14 4 14 5 14 6 15 5
7 22 2 4 2 5 2 6 3 4 3 5 3 6 4 5 5 5 6 5 7 4 7 6 10 4 10 6 11 5 12 5 13 5 14 4 14 5 14 6 15 4 15 5 15 6
8 20 1 5 2 4 2 6 5 4 5 5 5 6 6 4 6 5 6 6 7 5 10 5 11 4 11 5 11 6 12 4 12 5 12 6 15 4 15 6 16 5
9 16 1 5 2 5 4 5 5 4 5 6 7 4 7 5 7 6 10 4 10 5 10 6 12 4 12 6 13 5 15 5 16 5
10 12 4 5 5 5 6 4 6 6 7 5 8 5 9 5 10 5 11 4 11 6 12 5 13 5
11 22 5 4 5 5 5 6 6 4 6 6 7 4 7 5 7 6 8 4 8 5 8 6 9 4 9 5 9 6 10 4 10 5 10 6 11 4 11 6 12 4 12 5 12 6
12 18 4 5 5 4 5 6 6 3 6 7 7 3 7 7 8 3 8 7 9 3 9 7 10 3 10 7 11 3 11 7 12 4 12 6 13 5
13 40 4 5 5 4 5 5 5 6 6 3 6 4 6 6 6 7 7 2 7 3 7 4 7 6 7 7 7 8 8 2 8 3 8 4 8 6 8 7 8 8 9 2 9 3 9 4 9 6 9 7 9 8 10 2 10 3 10 4 10 6 10 7 10 8 11 3 11 4 11 6 11 7 12 4 12 5 12 6 13 5
14 18 4 4 4 5 4 6 5 3 5 7 6 2 6 8 8 1 8 9 9 1 9 9 11 2 11 8 12 3 12 7 13 4 13 5 13 6
15 18 3 5 4 4 4 5 4 6 5 3 5 4 5 5 5 6 5 7 12 3 12 4 12 5 12 6 12 7 13 4 13 5 13 6 14 5
16 20 3 4 3 5 3 6 4 3 4 7 5 3 5 7 6 4 6 5 6 6 11 4 11 5 11 6 12 3 12 7 13 3 13 7 14 4 14 5 14 6
